4 4
4 6
6 5
5 8
8 6
7 10
10 7
10 12
12 8
11 14
13 10
13 16
11 11
14 18
10 9
12 17
8 8
16 19
7 6
18 20
9 4
17 22
11 2
19 21
13 3
21 22
15 4
20 19
17 5
22 18
18 7
20 17
16 8
18 16
14 9
19 14
16 10
17 13
18 11
15 12
20 10
16 14
22 9
18 13
21 7
20 12
19 6
22 11
17 7
21 13
15 8
23 12
13 7
21 10
11 6
23 9
9 5
21 8
7 4
19 9
5 5
17 10
6 7
15 10
8 10
16 12
10 11
14 13
12 12
12 14
10 13
10 15
8 14
9 17
6 15
11 18
4 16
13 19
5 18
15 20
7 19
17 20
9 20
19 19
11 21
18 18
13 22
20 16
15 23
22 15
17 24
23 23
13 1
12 13
8 12
